General parameters(total node number, duration, capacity)
31 240 20

node parameters (node id, demand, timewindows,x_coord, y_coord)
0 0 0 240 11200 6400
31 1 0 120 13800 540
32 2 15 50 15200 5800
33 1 20 40 8400 8000
34 1 25 40 960 5400
35 1 25 60 10800 360
36 3 10 30 13200 3200
37 1 0 120 7400 5200
38 1 23 43 7400 5200
39 1 0 20 3600 1400
40 1 40 60 5200 4400
41 1 45 80 4800 7200
42 1 20 40 7600 9800
43 2 40 60 9400 11400
44 2 40 60 6800 1200
45 3 0 30 7000 1450
46 1 60 90 11400 13000
47 1 100 130 13200 14400
48 1 120 160 13000 11200
49 1 120 200 16800 12000
50 2 80 155 16400 9200
51 2 120 200 19200 9400
52 1 120 200 19000 12000
53 2 0 120 18000 15200
54 1 0 120 21000 13800
55 1 150 200 21600 10800
56 1 100 130 22400 7800
57 2 120 150 21600 5400
58 1 90 130 26000 7000
59 2 140 200 23400 9800
60 1 150 200 25200 11800