General parameters(total node number, duration, capacity)
21 240 20

node parameters (node id, demand, timewindows,x_coord, y_coord)
0 0 0 240 11200 6400
1 3 0 240 14000 6000
2 2 0 240 12000 5400
3 1 0 120 13800 540
4 2 15 50 15200 5800
5 1 20 40 8400 8000
6 1 25 40 960 5400
7 1 25 60 10800 360
8 3 10 30 13200 3200
9 1 0 120 7400 5200
10 1 23 43 7400 5200
11 1 0 20 3600 1400
12 1 40 60 5200 4400
13 1 45 80 4800 7200
14 1 20 40 7600 9800
15 2 40 60 9400 11400
16 2 40 60 6800 1200
17 3 0 30 7000 1450
18 1 60 90 11400 13000
19 1 100 130 13200 14400
20 1 120 160 13000 11200
