General parameters(total node number, duration, capacity)
61 240 20

node parameters (node id, demand, timewindows,x_coord, y_coord)
0 0 0 240 11200 6400
1 3 0 240 14000 6000
2 2 0 240 12000 5400
3 5 0 240 10000 4500
4 5 0 240 11000 2900
5 1 0 240 7500 2700
6 4 0 240 7600 4500
7 1 0 120 13800 540
8 2 15 50 15200 5800
9 1 20 40 8400 8000
10 1 25 40 960 5400
11 1 25 60 10800 360
12 3 10 30 13200 3200
13 1 0 120 7400 5200
14 1 23 43 7400 5200
15 1 0 20 3600 1400
16 1 40 60 5200 4400
17 1 45 80 4800 7200
18 1 20 40 7600 9800
19 2 40 60 9400 11400
20 2 40 60 6800 1200
21 3 0 30 7000 1450
22 1 60 90 11400 13000
23 1 100 130 13200 14400
24 1 120 160 13000 11200
25 1 120 200 16800 12000
26 2 80 155 16400 9200
27 2 120 200 19200 9400
28 1 120 200 19000 12000
29 2 0 120 18000 15200
30 1 0 120 21000 13800
31 1 150 200 21600 10800
32 1 100 130 22400 7800
33 2 120 150 21600 5400
34 1 90 130 26000 7000
35 2 140 200 23400 9800
36 1 150 200 25200 11800
37 2 150 200 1600 10000
38 1 100 150 2400 7000
39 2 100 150 2100 6400
40 1 20 130 6000 9000
41 1 40 200 2400 9000
42 1 50 200 2200 1100
43 1 0 120 15000 10200
44 1 0 120 17600 9000
45 2 30 200 18000 10800
46 1 100 200 20400 11400
47 1 80 200 22400 11400
48 1 50 200 20000 13600
49 1 150 200 7400 13200
50 2 70 120 13200 11500
51 2 20 80 12600 12800
52 1 30 90 13200 14000
53 1 0 60 17400 15000
54 1 20 140 18000 12400
55 1 0 240 3000 5200
56 1 0 240 4200 1000
57 1 0 240 7000 7400
58 1 0 240 5200 7200
59 2 0 240 8800 10400
60 1 0 240 7000 11200