General parameters(total node number, duration, capacity)
19 240 20

node parameters (node id, demand, timewindows,x_coord, y_coord)
0 0 0 240 11200 6400
13 1 0 120 13800 540
14 2 15 50 15200 5800
15 1 20 40 8400 8000
16 1 25 40 960 5400
17 1 25 60 10800 360
18 3 10 30 13200 3200
19 1 0 120 7400 5200
20 1 23 43 7400 5200
21 1 0 20 3600 1400
22 1 40 60 5200 4400
23 1 45 80 4800 7200
24 1 20 40 7600 9800
25 2 40 60 9400 11400
26 2 40 60 6800 1200
27 3 0 30 7000 1450
28 1 60 90 11400 13000
29 1 100 130 13200 14400
30 1 120 160 13000 11200

