General parameters(total node number, duration, capacity)
61 240 20

node parameters (node id, demand, timewindows,x_coord, y_coord)
0 0 0 240 11200 6400
61 2 121 161 12317 267
62 2 31 53 20360 4390
63 1 55 86 1043 9174
64 1 104 128 12469 579
65 1 95 112 6948 5132
66 1 38 81 13599 15297
67 2 120 154 21426 252
68 2 3 15 15366 156
69 2 63 105 12944 9430
70 1 84 93 9417 975
71 1 144 187 16960 13869
72 1 138 173 5405 359
73 1 154 174 11236 10754
74 1 130 131 8086 11324
75 1 15 38 22015 2211
76 1 10 45 17715 8609
77 1 29 78 10785 14668
78 1 93 96 6699 8277
79 1 149 199 13739 2006
80 1 103 111 21767 12763
81 1 5 65 23371 14353
82 2 7 52 12798 13443
83 2 146 149 8518 7315
84 1 135 157 13441 15829
85 1 146 154 17570 11964
86 2 90 112 10441 12893
87 1 128 170 3953 10632
88 1 17 32 19659 9314
89 1 123 143 13966 12657
90 1 21 62 7759 2207
91 2 53 111 5984 12450
92 2 52 89 3421 6917
93 1 143 195 5492 5895
94 1 158 166 3316 11411
95 2 26 76 22425 14630
96 1 33 36 12560 2849
97 1 155 169 21796 7790
98 1 46 56 19876 5884
99 2 54 103 11079 14771
100 1 49 102 10322 124
101 1 123 174 23032 11517
102 1 14 54 10655 1043
103 1 91 104 17948 5322
104 1 114 162 21932 2183
105 1 72 74 9334 6963
106 1 102 162 24050 7660
107 1 87 106 18145 5032
108 1 20 72 10292 3227
109 1 138 159 8722 7557
110 1 75 80 8207 10383
111 1 20 47 5671 1079
112 1 19 30 17945 14314
113 1 83 87 3105 8909
114 1 105 155 14253 6133
115 1 65 73 19307 11313
116 1 110 143 20074 14894
117 1 24 26 20132 6695
118 1 42 78 19722 3588
119 1 72 124 6553 13418
120 1 13 32 1692 5747