General parameters(total node number, duration, capacity)
31 240 20

node parameters (node id, demand, timewindows,x_coord, y_coord)
0 0 0 240 11200 6400
1 3 0 240 14000 6000
2 2 0 240 12000 5400
3 5 0 240 10000 4500
4 5 0 240 11000 2900
5 1 0 240 7500 2700
6 4 0 240 7600 4500
7 3 0 240 3000 5200
8 7 0 240 4200 1000
9 4 0 240 7000 7400
10 3 0 240 5200 7200
11 3 0 240 8800 10400
12 1 0 240 7000 11200
13 1 0 120 13800 540
14 2 15 50 15200 5800
15 1 20 40 8400 8000
16 1 25 40 960 5400
17 1 25 60 10800 360
18 3 10 30 13200 3200
19 1 0 120 7400 5200
20 1 23 43 7400 5200
21 1 0 20 3600 1400
22 1 40 60 5200 4400
23 1 45 80 4800 7200
24 1 20 40 7600 9800
25 2 40 60 9400 11400
26 2 40 60 6800 1200
27 3 0 30 7000 1450
28 1 60 90 11400 13000
29 1 100 130 13200 14400
30 1 120 160 13000 11200

