General parameters(total node number, duration, capacity)
121 240 20

node parameters (node id, demand, timewindows,x_coord, y_coord)
0 0 0 240 11200 6400
1 3 0 240 14000 6000
2 2 0 240 12000 5400
3 5 0 240 10000 4500
4 5 0 240 11000 2900
5 1 0 240 7500 2700
6 4 0 240 7600 4500
7 3 0 240 3000 5200
8 7 0 240 4200 1000
9 4 0 240 7000 7400
10 3 0 240 5200 7200
11 3 0 240 8800 10400
12 1 0 240 7000 11200
13 4 0 240 7400 13200
14 5 0 240 13200 11500
15 5 0 240 12600 12800
16 7 0 240 13200 14000
17 2 0 240 17400 15000
18 8 0 240 18000 12400
19 5 0 240 15000 10200
20 3 0 240 17600 9000
21 5 0 240 18000 10800
22 4 0 240 20400 11400
23 3 0 240 22400 11400
24 3 0 240 20000 13600
25 5 0 240 24600 11400
26 2 0 240 24600 8400
27 1 0 240 22400 7200
28 5 0 240 2100 5800
29 2 0 240 20000 9000
30 3 0 240 16200 6600
31 5 0 240 20000 10400
32 2 0 240 14600 14400
33 1 0 240 20400 15200
34 5 0 240 12100 10800
35 2 0 240 25000 7000
36 3 0 240 11200 9600
37 2 0 240 6114 6051
38 2 0 240 5819 15501
39 1 0 240 8855 3400
40 5 0 240 21704 11878
41 2 0 240 9368 12983
42 3 0 240 20242 8229
43 5 0 240 20203 7603
44 2 0 240 18303 5556
45 1 0 240 18030 13797
46 3 0 240 19128 13056
47 1 0 240 21009 13332
48 1 0 240 25058 2495
49 2 0 240 4454 12586
50 2 0 240 16768 4622
51 5 0 240 3700 14574
52 1 0 240 23724 4096
53 1 0 240 11611 10927
54 5 0 240 20811 7789
55 3 0 240 11869 13618
56 1 0 240 15673 13172
57 5 0 240 20732 5339
58 3 0 240 3374 13974
59 5 0 240 18288 13555
60 3 0 240 7379 2051
61 2 121 161 12317 267
62 2 31 53 20360 4390
63 1 55 86 1043 9174
64 1 104 128 12469 579
65 1 95 112 6948 5132
66 1 38 81 13599 15297
67 2 120 154 21426 252
68 2 3 15 15366 156
69 2 63 105 12944 9430
70 1 84 93 9417 975
71 1 144 187 16960 13869
72 1 138 173 5405 359
73 1 154 174 11236 10754
74 1 130 131 8086 11324
75 1 15 38 22015 2211
76 1 10 45 17715 8609
77 1 29 78 10785 14668
78 1 93 96 6699 8277
79 1 149 199 13739 2006
80 1 103 111 21767 12763
81 1 5 65 23371 14353
82 2 7 52 12798 13443
83 2 146 149 8518 7315
84 1 135 157 13441 15829
85 1 146 154 17570 11964
86 2 90 112 10441 12893
87 1 128 170 3953 10632
88 1 17 32 19659 9314
89 1 123 143 13966 12657
90 1 21 62 7759 2207
91 2 53 111 5984 12450
92 2 52 89 3421 6917
93 1 143 195 5492 5895
94 1 158 166 3316 11411
95 2 26 76 22425 14630
96 1 33 36 12560 2849
97 1 155 169 21796 7790
98 1 46 56 19876 5884
99 2 54 103 11079 14771
100 1 49 102 10322 124
101 1 123 174 23032 11517
102 1 14 54 10655 1043
103 1 91 104 17948 5322
104 1 114 162 21932 2183
105 1 72 74 9334 6963
106 1 102 162 24050 7660
107 1 87 106 18145 5032
108 1 20 72 10292 3227
109 1 138 159 8722 7557
110 1 75 80 8207 10383
111 1 20 47 5671 1079
112 1 19 30 17945 14314
113 1 83 87 3105 8909
114 1 105 155 14253 6133
115 1 65 73 19307 11313
116 1 110 143 20074 14894
117 1 24 26 20132 6695
118 1 42 78 19722 3588
119 1 72 124 6553 13418
120 1 13 32 1692 5747