General parameters(total node number, duration, capacity)
109 240 20

node parameters (node id, demand, timewindows,x_coord, y_coord)
0 0 0 240 11200 6400
13 1 42 104 19332 13997
14 1 104 146 8889 753
15 1 76 132 17416 12923
16 2 60 131 9993 6404
17 2 4 86 7569 7557
18 1 47 102 22002 1560
19 1 45 76 25914 4539
20 1 80 169 8323 9028
21 1 90 179 17139 15364
22 2 75 137 2663 12954
23 1 138 179 17051 3866
24 2 17 92 25351 2176
25 1 47 90 12419 9158
26 1 118 178 24635 8557
27 1 27 76 4456 13696
28 1 129 202 11439 13146
29 1 0 26 2201 8065
30 1 17 70 18373 14182
31 1 124 182 14766 6975
32 1 76 100 1751 11244
33 1 37 58 12079 8706
34 1 140 178 8562 8343
35 1 15 72 3217 1285
36 1 38 100 10703 898
37 1 89 159 12725 4742
38 1 108 185 9451 3405
39 1 135 214 12523 1134
40 1 134 199 1339 15545
41 1 36 68 7230 2305
42 1 5 57 13272 13361
43 1 26 63 19174 10887
44 1 149 184 22852 7890
45 1 3 48 6466 13274
46 1 60 104 20006 7586
47 1 51 117 5520 9409
48 1 68 129 14576 12968
49 1 6 62 6834 2408
50 1 30 75 3575 8236
51 1 113 123 6514 6212
52 1 55 59 19409 14178
53 1 38 72 3780 15308
54 1 146 205 10737 15322
55 1 127 145 3891 3748
56 1 57 105 3129 6822
57 1 37 88 24271 4251
58 1 101 160 24529 15306
59 1 96 102 11026 8749
60 1 8 20 3879 6946
61 2 146 189 7927 15569
62 2 105 111 3866 10235
63 2 124 146 721 12551
64 2 104 160 9291 7609
65 1 45 72 16951 7589
66 1 19 44 21048 11787
67 2 149 193 15235 2068
68 2 36 56 269 5942
69 1 148 183 5677 11157
70 1 136 163 5701 12936
71 1 59 116 20464 11530
72 1 58 65 25347 14513
73 1 95 154 5859 5720
74 1 132 152 3293 15086
75 1 33 77 17230 11784
76 1 17 55 13482 3256
77 1 112 132 9773 9296
78 1 157 170 17739 11030
79 1 124 183 3020 12364
80 1 71 117 2664 13671
81 2 81 117 8713 9775
82 2 94 98 17525 5076
83 1 25 56 643 7596
84 2 143 173 8975 3244
85 2 138 179 1014 14631
86 2 44 56 880 15865
87 1 146 185 270 15594
88 2 80 83 5949 5384
89 1 62 64 13979 13857
90 1 33 40 11529 838
91 1 109 166 14814 10082
92 2 1 12 11472 9988
93 1 128 164 7541 13043
94 1 31 85 13052 8539
95 2 77 133 10252 1461
96 1 140 173 6454 15278
97 1 88 103 23610 15646
98 2 64 109 20842 9938
99 1 159 190 24365 1773
100 1 111 133 11405 4623
101 1 146 179 2439 13747
102 1 159 194 18864 5277
103 1 11 55 25135 7390
104 1 129 182 20919 12944
105 1 45 91 959 11742
106 1 78 106 21913 15037
107 1 144 200 18933 6303
108 1 129 143 98 917
109 1 19 49 21371 2624
110 1 26 62 13876 1630
111 1 55 69 14604 5171
112 1 97 111 18482 10645
113 1 18 30 17244 7331
114 1 134 149 4342 8544
115 1 110 113 14733 14847
116 1 29 85 22603 10965
117 1 82 113 10347 4710
118 1 49 107 3735 6022
119 1 126 130 10198 7059
120 1 60 108 13366 13823