General parameters(total node number, duration, capacity)
31 240 20

node parameters (node id, demand, timewindows,x_coord, y_coord)
0 0 0 240 11200 6400
1 3 0 240 14000 6000
2 2 0 240 12000 5400
3 5 0 240 10000 4500
4 1 0 120 13800 540
5 2 15 50 15200 5800
6 1 20 40 8400 8000
7 1 25 40 960 5400
8 1 25 60 10800 360
9 3 10 30 13200 3200
10 1 0 120 7400 5200
11 1 23 43 7400 5200
12 1 0 20 3600 1400
13 1 40 60 5200 4400
14 1 45 80 4800 7200
15 1 20 40 7600 9800
16 2 40 60 9400 11400
17 2 40 60 6800 1200
18 3 0 30 7000 1450
19 1 60 90 11400 13000
20 1 100 130 13200 14400
21 1 120 160 13000 11200
22 1 120 200 16800 12000
23 2 80 155 16400 9200
24 2 120 200 19200 9400
25 1 120 200 19000 12000
26 2 0 120 18000 15200
27 1 0 120 21000 13800
28 1 150 200 21600 10800
29 1 100 130 22400 7800
30 2 120 150 21600 5400