General parameters(total node number, duration, capacity)
19 240 20

node parameters (node id, demand, timewindows,x_coord, y_coord)
0 0 0 240 11200 6400
1 3 0 240 14000 6000
2 2 0 240 12000 5400
3 5 0 240 10000 4500
4 5 0 240 11000 2900
5 1 0 240 7500 2700
6 4 0 240 7600 4500
7 3 0 240 3000 5200
8 7 0 240 4200 1000
9 4 0 240 7000 7400
10 3 0 240 5200 7200
11 3 0 240 8800 10400
12 1 0 240 7000 11200
13 4 0 240 7400 13200
14 5 0 240 13200 11500
15 5 0 240 12600 12800
16 7 0 240 13200 14000
17 2 0 240 17400 15000
18 8 0 240 18000 12400
