General parameters(total node number, duration, capacity)
21 240 20

node parameters (node id, demand, timewindows,x_coord, y_coord)
0 0 0 240 11200 6400
1 3 0 240 14000 6000
2 2 0 240 12000 5400
3 5 0 240 10000 4500
4 5 0 240 11000 2900
5 1 0 240 7500 2700
6 4 0 240 7600 4500
7 1 0 120 13800 540
8 2 15 50 15200 5800
9 1 20 40 8400 8000
10 1 25 40 960 5400
11 1 25 60 10800 360
12 3 10 30 13200 3200
13 1 0 120 7400 5200
14 1 23 43 7400 5200
15 1 0 20 3600 1400
16 1 40 60 5200 4400
17 1 45 80 4800 7200
18 1 20 40 7600 9800
19 2 40 60 9400 11400
20 2 40 60 6800 1200

