General parameters(total node number, duration, capacity)
43 240 20

node parameters (node id, demand, timewindows,x_coord, y_coord)
0 0 0 240 11200 6400
19 1 0 120 13800 540
20 2 15 50 15200 5800
21 1 20 40 8400 8000
22 1 25 40 960 5400
23 1 25 60 10800 360
24 3 10 30 13200 3200
25 1 0 120 7400 5200
26 1 23 43 7400 5200
27 1 0 20 3600 1400
28 1 40 60 5200 4400
29 1 45 80 4800 7200
30 1 20 40 7600 9800
31 2 40 60 9400 11400
32 2 40 60 6800 1200
33 3 0 30 7000 1450
34 1 60 90 11400 13000
35 1 100 130 13200 14400
36 1 120 160 13000 11200
37 1 120 200 16800 12000
38 2 80 155 16400 9200
39 2 120 200 19200 9400
40 1 120 200 19000 12000
41 2 0 120 18000 15200
42 1 0 120 21000 13800
43 1 150 200 21600 10800
44 1 100 130 22400 7800
45 2 120 150 21600 5400
46 1 90 130 26000 7000
47 2 140 200 23400 9800
48 1 150 200 25200 11800
49 2 150 200 1600 10000
50 1 100 150 2400 7000
51 2 100 150 2100 6400
52 1 20 130 6000 9000
53 1 40 200 2400 9000
54 1 50 200 2200 1100
55 1 0 120 15000 10200
56 1 0 120 17600 9000
57 2 30 200 18000 10800
58 1 100 200 20400 11400
59 1 80 200 22400 11400
60 1 50 200 20000 13600