General parameters(total node number, duration, capacity)
37 240 20

node parameters (node id, demand, timewindows,x_coord, y_coord)
0 0 0 240 11200 6400
25 1 0 120 13800 540
26 2 15 50 15200 5800
27 1 20 40 8400 8000
28 1 25 40 960 5400
29 1 25 60 10800 360
30 3 10 30 13200 3200
31 1 0 120 7400 5200
32 1 23 43 7400 5200
33 1 0 20 3600 1400
34 1 40 60 5200 4400
35 1 45 80 4800 7200
36 1 20 40 7600 9800
37 2 40 60 9400 11400
38 2 40 60 6800 1200
39 3 0 30 7000 1450
40 1 60 90 11400 13000
41 1 100 130 13200 14400
42 1 120 160 13000 11200
43 1 120 200 16800 12000
44 2 80 155 16400 9200
45 2 120 200 19200 9400
46 1 120 200 19000 12000
47 2 0 120 18000 15200
48 1 0 120 21000 13800
49 1 150 200 21600 10800
50 1 100 130 22400 7800
51 2 120 150 21600 5400
52 1 90 130 26000 7000
53 2 140 200 23400 9800
54 1 150 200 25200 11800
55 2 150 200 1600 10000
56 1 100 150 2400 7000
57 2 100 150 2100 6400
58 1 20 130 6000 9000
59 1 40 200 2400 9000
60 1 50 200 2200 1100