General parameters(total node number, duration, capacity)
49 240 20

node parameters (node id, demand, timewindows,x_coord, y_coord)
0 0 0 240 11200 6400
1 3 0 240 14000 6000
2 2 0 240 12000 5400
3 5 0 240 10000 4500
4 5 0 240 11000 2900
5 1 0 240 7500 2700
6 4 0 240 7600 4500
7 3 0 240 3000 5200
8 7 0 240 4200 1000
9 4 0 240 7000 7400
10 3 0 240 5200 7200
11 3 0 240 8800 10400
12 1 0 240 7000 11200
13 4 0 240 7400 13200
14 5 0 240 13200 11500
15 5 0 240 12600 12800
16 7 0 240 13200 14000
17 2 0 240 17400 15000
18 8 0 240 18000 12400
19 5 0 240 15000 10200
20 3 0 240 17600 9000
21 5 0 240 18000 10800
22 4 0 240 20400 11400
23 3 0 240 22400 11400
24 3 0 240 20000 13600
25 5 0 240 24600 11400
26 2 0 240 24600 8400
27 1 0 240 22400 7200
28 5 0 240 2100 5800
29 2 0 240 20000 9000
30 3 0 240 16200 6600
31 5 0 240 20000 10400
32 2 0 240 14600 14400
33 1 0 240 20400 15200
34 5 0 240 12100 10800
35 2 0 240 25000 7000
36 3 0 240 11200 9600
37 2 0 240 6114 6051
38 2 0 240 5819 15501
39 1 0 240 8855 3400
40 5 0 240 21704 11878
41 2 0 240 9368 12983
42 3 0 240 20242 8229
43 5 0 240 20203 7603
44 2 0 240 18303 5556
45 1 0 240 18030 13797
46 3 0 240 19128 13056
47 1 0 240 21009 13332
48 1 0 240 25058 2495


