General parameters(total node number, duration, capacity)
22 240 20

node parameters (node id, demand, timewindows,x_coord, y_coord)
0 0 0 240 11200 6400
10 1 0 120 13800 540
11 2 15 50 15200 5800
12 1 20 40 8400 8000
13 1 25 40 960 5400
14 1 25 60 10800 360
15 3 10 30 13200 3200
16 1 0 120 7400 5200
17 1 23 43 7400 5200
18 1 0 20 3600 1400
19 1 40 60 5200 4400
20 1 45 80 4800 7200
21 1 20 40 7600 9800
22 2 40 60 9400 11400
23 2 40 60 6800 1200
24 3 0 30 7000 1450
25 1 60 90 11400 13000
26 1 100 130 13200 14400
27 1 120 160 13000 11200
28 1 120 200 16800 12000
29 2 80 155 16400 9200
30 2 120 200 19200 9400
