General parameters(total node number, duration, capacity)
61 240 20

node parameters (node id, demand, timewindows,x_coord, y_coord)
0 0 0 240 11200 6400
1 3 0 240 14000 6000
2 2 0 240 12000 5400
3 5 0 240 10000 4500
4 5 0 240 11000 2900
5 1 0 240 7500 2700
6 4 0 240 7600 4500
7 3 0 240 3000 5200
8 7 0 240 4200 1000
9 4 0 240 7000 7400
10 3 0 240 5200 7200
11 3 0 240 8800 10400
12 1 0 240 7000 11200
13 1 0 120 13800 540
14 2 15 50 15200 5800
15 1 20 40 8400 8000
16 1 25 40 960 5400
17 1 25 60 10800 360
18 3 10 30 13200 3200
19 1 0 120 7400 5200
20 1 23 43 7400 5200
21 1 0 20 3600 1400
22 1 40 60 5200 4400
23 1 45 80 4800 7200
24 1 20 40 7600 9800
25 2 40 60 9400 11400
26 2 40 60 6800 1200
27 3 0 30 7000 1450
28 1 60 90 11400 13000
29 1 100 130 13200 14400
30 1 120 160 13000 11200
31 1 120 200 16800 12000
32 2 80 155 16400 9200
33 2 120 200 19200 9400
34 1 120 200 19000 12000
35 2 0 120 18000 15200
36 1 0 120 21000 13800
37 1 150 200 21600 10800
38 1 100 130 22400 7800
39 2 120 150 21600 5400
40 1 90 130 26000 7000
41 2 140 200 23400 9800
42 1 150 200 25200 11800
43 2 150 200 1600 10000
44 1 100 150 2400 7000
45 2 100 150 2100 6400
46 1 20 130 6000 9000
47 1 40 200 2400 9000
48 1 50 200 2200 1100
49 1 0 120 15000 10200
50 1 0 120 17600 9000
51 2 30 200 18000 10800
52 1 100 200 20400 11400
53 1 80 200 22400 11400
54 1 50 200 20000 13600
55 1 150 200 7400 13200
56 2 70 120 13200 11500
57 2 20 80 12600 12800
58 1 30 90 13200 14000
59 1 0 60 17400 15000
60 1 20 140 18000 12400